Mode: 5
 ATR_AMP: 5.0
 ATR_WIDTH:1
 ARP: 0
 ATR_SENS: 0.0
 VENT_AMP: 5.0
 VENT_WIDTH: 1
 VRP: 0
 VENT_SENS: 0.0
 AV_DELAY: 150
 LRL: 60
 RATE_ADAP: 1
 MSR: 120
 ACT_THRESH: 0.4
 REACT_TIME: 30
 RECOV_TIME: 5
 R_FACTOR: 8
 ATR_SIG: 0.5124742504005493
 VEN_SIG: 0.5166704814221409
